{
  pi: 3.14159265358979,
  e: 2.71828182845905,
  phi: 1.61803398874989
}
